112106522
112108935
112110053
112111175
112112375
112113396
112114585
112115711
112116837
112117961
112119167
112120292
112121391
112122443
112123579
112124755
112125977
112127227
112128497
112129702
112130929
112132123
112133326
112134561
112135715
112136472
112136930
112138047
112139228
112140424
112141602
112142921
112143582
112143680
112144089
112145276
112146535
112146544
112147690
112148893
112150019
112151229
112152386
112153556
112154769
112155857
112157002
112157568
112158232
112159376
112159549
112160598
112161456
112161760
112162839
112162947
112164128
112165327
112165354
112166502
112167744
112168930
112170047
112171172
112172322
112173485
112174647
112175804
112176996
112178137
112179377
112180562
112181745
112183013
112183346
112184323
112185629
112186116
112187239
112188760
112194553
112195130
112201960
112206023
112210051
112215543
112215640
112217911
112221482
112228223
112228312
