112419120
112420559
112421709
112422861
112423991
112425163
112426315
112427462
112428600
112429765
112430942
112432117
112433255
112434394
112435555
112435658
112436804
112438002
112439263
112440428
112440508
112441722
112442053
112442517
112442873
112443467
112444180
112445368
112446536
112447669
112448905
112450073
112451233
112452417
112453557
112454745
112455982
112457168
112458333
112459442
112459505
112460691
112461890
112463078
112464281
112465439
112466593
112467743
112468916
112470072
112471222
112472396
112473579
112474951
112476125
112477285
112478462
112479637
112480809
112481957
112483160
112484314
112485491
112486647
112487803
112488962
112489385
112490138
112491322
112492495
112493639
112494826
112495971
112497137
112498291
112499290
112499505
112500659
112501825
112502996
112504175
112505350
112506552
112507719
112508979
112514248
112526644
112527529
112529220
112533057
112533850
112536292
112545935
112547777
112548429
112551638
112559114
112559338
112564685
112565969
112567793
112573312
112579702
112580647
112583190
112583638
112590006
112590399
112596276
112596539
112602444
112602486
112607277
112611595
112617509
112620590
112625331
112625846
112631502
112637107
112637942
112643085
112648611
112649407
112655597
112659197
112665074
112668203
