111589240
111588186
111581055
111576640
111576223
111569613
111567421
111565394
111563274
111561324
111561525
111556147
111554930
111548178
111541525
111538670
111535941
111529326
111522791
111520580
111520433
111513883
111507961
111506784
111505692
111505037
111504545
111503410
111503079
111502284
111501180
111500050
111498929
111497821
111496703
111495582
111494452
111494830
111493337
111492212
111491101
111490272
111489989
111488857
111487743
111486542
111485521
111484806
111484395
111483273
111483339
111482158
111481048
111479923
111478642
111477710
111478371
111476600
111475477
111474604
111474337
111473227
111472118
111470996
111469645
111469934
111468760
111467636
111466525
111465399
111465931
111464275
111464922
111463151
111462497
111462010
111460930
111459805
111458673
111457403
111457545
111456408
111455277
111454141
111453036
111451876
111451878
111450780
111449686
111448576
111447465
111446388
111445296
111444198
111443114
111441997
111440858
