111747437
111746907
111746312
111745176
111744081
111742930
111741808
111740720
111739578
111738452
111737347
111736217
111735088
111733977
111732696
111733691
111732634
111732814
111732906
111731689
111730578
111731237
111729454
111730351
111728336
111726094
111727199
111724968
111723852
111722719
111721531
111721590
111720457
111719343
111718194
111717071
111715947
111714799
111713687
111712571
111711464
111710353
111709244
111708138
111707029
111705917
111704821
111703703
111702605
111701500
