112746616
112748049
112749178
112750411
112751444
112752615
112753756
112754929
112756028
112757179
112758312
112759458
112760588
112761779
112762940
112764096
112765396
112766482
112767667
112768858
112770005
112771190
112772428
112773588
112774081
112774769
112775957
112776726
112776769
112777167
112778334
112779528
112780681
112781843
112783004
112784176
112784350
112785322
112786500
112787670
112788879
112790041
112791229
112792403
112793576
112794736
112794988
112795904
112797069
112798259
112798387
112799395
112800330
112801689
112802867
112804625
112805305
112806490
112807691
112808817
112810076
112811253
112812472
