111672233
111671714
111671659
111670556
111669996
111668389
111667174
111666110
111665662
111664913
111663791
111662662
111661688
111660422
111659777
111659429
111658095
111656984
111655845
111656321
111654712
111653648
111652456
111651306
111650162
111649021
111647885
111647372
111645645
111646753
111644507
111643370
111643635
111642247
111641127
111639978
111638813
111637699
111636535
111635375
111634225
111633116
111631990
111630875
111629774
111628667
111627568
111626470
111625356
111624259
111623165
111622064
111620981
111619894
